   4.1035062e-01   1.1252858e-01
   2.0010275e-01   3.6005687e-01
   8.1413575e-01  -1.6082884e-01
   5.7047238e-01  -5.2444072e-01
   5.1582476e-01  -5.7525769e-01
   7.1822113e-01  -4.3715708e-01
   6.7348722e-01  -5.1280185e-01
   8.1251143e-01   7.9081639e-02
   1.4088543e-01   4.1626501e-01
   4.2862590e-01   1.0149177e-01
   7.8406290e-01  -4.6903397e-02
   6.5767321e-01  -4.4317842e-01
   1.5791552e-02   9.1363525e-02
   4.3912404e-01  -4.0005699e-02
   3.1801499e-01   4.9528133e-01
   2.8235728e-01   6.2822932e-01
   3.6159432e-01   4.7932523e-01
   6.3481742e-01  -4.1661542e-01
   1.8719681e-01   6.6714408e-02
   5.3929887e-01  -6.1202774e-01
   1.4055187e-02   1.0786111e-01
   8.1344615e-01  -9.7555364e-02
   6.5221120e-01  -8.1191454e-01
   3.2411401e-01   4.6157825e-01
   4.9299541e-01  -6.6577738e-01
   8.2785919e-01   4.9610042e-02
   1.6673210e-01   2.1979556e-01
   7.7946655e-01  -1.9618600e-01
   1.2819638e-01   2.3291297e-01
   2.4367981e-01   2.8426858e-01
   1.6120754e-01   3.3207057e-01
   7.9508633e-01   3.5198080e-02
   2.7965928e-01   5.1572498e-01
   7.7862813e-01  -2.8681377e-01
   2.6111523e-01   7.2225141e-01
   1.0727519e-01   4.4578375e-01
   8.2256807e-02   1.3259403e-01
   5.9917433e-01  -9.5925904e-01
   2.0400998e-01   5.4895232e-01
   7.5211277e-01  -4.8127559e-01
   1.6266053e-01   1.8213478e-01
   4.2169377e-01   2.6811987e-01
   6.3744501e-01  -7.5707580e-01
   3.6278528e-01   2.8474460e-01
   4.1435895e-01  -1.4483636e-01
   4.3667127e-01   6.2802945e-02
   6.8046422e-01  -4.3219321e-01
   2.0343259e-01   3.3461688e-01
   4.3091213e-01  -3.8335041e-01
   7.0476253e-01  -2.6449811e-01
   6.2648874e-01  -3.7351293e-01
   1.4438729e-01   2.1747747e-01
   4.7634932e-01  -6.1115976e-01
   7.2056869e-01  -2.8981162e-01
   7.7067233e-01  -2.7163185e-02
   3.8308530e-01   4.6853054e-01
   6.4764395e-01  -4.1752297e-01
   7.4529947e-01  -3.2339795e-01
   5.7191852e-01  -8.0084948e-01
   5.0483493e-01  -5.1236463e-01
   5.0166956e-01  -4.5926502e-01
   2.6483339e-01   5.9679329e-01
   7.0714481e-01  -7.8725211e-02
   5.5375273e-02   2.7562491e-01
   2.1705958e-03  -2.7515665e-03
   5.6369421e-01  -5.3835614e-01
   4.5580336e-02   1.1087403e-01
   1.1060156e-01   1.7769886e-01
   5.8809166e-03   7.0038891e-02
   7.6533734e-01  -1.0510671e-01
   4.0758003e-01   1.6096650e-01
   6.0625366e-01  -5.2744678e-01
   6.8268453e-01  -2.2811740e-01
   8.1548435e-01   1.1633638e-01
   4.2942717e-01  -1.4798541e-01
   5.2723956e-01  -5.0645531e-01
   2.9844302e-01   5.0162981e-01
   4.4642526e-01  -7.7771919e-02
   6.4001293e-01  -6.1038936e-01
   8.2024789e-01   2.0392361e-02
   1.4265753e-01   1.2590457e-01
   4.9437712e-01  -6.4865419e-01
   2.9063022e-03   5.1492764e-02
   4.9539807e-01  -5.7444442e-01
   3.2769664e-01   4.5139645e-01
   8.0029962e-01  -7.2007753e-02
   7.0060428e-01  -1.3096641e-01
   5.8998487e-01  -5.3376455e-01
   6.6063470e-01  -3.4583253e-01
   1.3850678e-01   4.4983084e-01
   8.1284165e-01  -2.4053819e-01
   4.4025198e-01  -3.0517723e-01
   2.1620089e-01   1.5797454e-01
   5.6710123e-01  -5.6613328e-01
   6.6198183e-01  -1.5203072e-01
   7.5314922e-01  -3.5835855e-01
   7.6454029e-01  -4.0355694e-01
   3.6653498e-01   3.0218890e-01
   2.0270398e-01   6.2920311e-01
   1.7151760e-01   6.2591982e-01
